UNITS=MM
#Layer_Color=0
#
#Feature symbol names
#
$0 r99.9998

#
#Feature attribute names
#

#
#Layer features
#
L 2.04255116 2.2298533 3.04254916 2.2298533 0 P 0
L 2.54255016 1.7298543 2.54255016 2.7298523 0 P 0
L 6.06963226 1.63832794 7.06963026 1.63832794 0 P 0
L 6.56963126 1.13832894 6.56963126 2.13832694 0 P 0
L 7.45967266 1.63833048 8.45967066 1.63833048 0 P 0
L 7.95967166 1.13833148 7.95967166 2.13832948 0 P 0
L 8.89337312 1.64439346 9.89337112 1.64439346 0 P 0
L 8.92372104 4.12101284 9.92371904 4.12101284 0 P 0
L 9.39337212 1.14439446 9.39337212 2.14439246 0 P 0
L 9.40840638 13.24382924 10.40840438 13.24382924 0 P 0
L 9.42372004 3.62101384 9.42372004 4.62101184 0 P 0
L 9.90840538 12.74383024 9.90840538 13.74382824 0 P 0
L 10.32707104 1.64439346 11.32706904 1.64439346 0 P 0
L 10.32707104 4.1210103 11.32706904 4.1210103 0 P 0
L 10.82707004 1.14439446 10.82707004 2.14439246 0 P 0
L 10.82707004 3.6210113 10.82707004 4.6210093 0 P 0
L 11.04376506 11.87758356 12.04376306 11.87758356 0 P 0
L 11.54376406 11.37758456 11.54376406 12.37758256 0 P 0
L 11.62294602 9.09999958 12.62294402 9.09999958 0 P 0
L 11.76076642 4.12101284 12.76076442 4.12101284 0 P 0
L 11.9139716 6.24225066 12.9139696 6.24225066 0 P 0
L 12.12294502 8.60000058 12.12294502 9.59999858 0 P 0
L 12.26076542 3.62101384 12.26076542 4.62101184 0 P 0
L 12.4139706 5.74225166 12.4139706 6.74224966 0 P 0
L 14.77078072 7.30415354 15.77077872 7.30415354 0 P 0
L 15.27077972 6.80415454 15.27077972 7.80415254 0 P 0
L 15.94613778 7.30415354 16.94613578 7.30415354 0 P 0
L 16.44613678 6.80415454 16.44613678 7.80415254 0 P 0
L 18.13608768 3.8058852 19.13608568 3.8058852 0 P 0
L 18.13608768 5.12006088 19.13608568 5.12006088 0 P 0
L 18.1500018 2.4569928 19.1499998 2.4569928 0 P 0
L 18.63608668 3.3058862 18.63608668 4.3058842 0 P 0
L 18.63608668 4.62006188 18.63608668 5.62005988 0 P 0
L 18.6500008 1.9569938 18.6500008 2.9569918 0 P 0
L 20.15504224 3.67361978 21.15504024 3.67361978 0 P 0
L 20.65504124 3.17362078 20.65504124 4.17361878 0 P 0
L 21.4869776 3.66641634 22.4869756 3.66641634 0 P 0
L 21.9869766 3.16641734 21.9869766 4.16641534 0 P 0
L 22.72022888 3.66346994 23.72022688 3.66346994 0 P 0
L 23.22022788 3.16347094 23.22022788 4.16346894 0 P 0
L 24.220805 6.78301666 25.220803 6.78301666 0 P 0
L 24.720804 6.28301766 24.720804 7.28301566 0 P 0
L 27.50997292 12.99002736 28.50997092 12.99002736 0 P 0
L 28.00997192 12.49002836 28.00997192 13.49002636 0 P 0
L 31.5000005 6.4999997 32.4999985 6.4999997 0 P 0
L 31.9999995 6.0000007 31.9999995 6.9999987 0 P 0
L 35.96459152 13.28641996 36.96458952 13.28641996 0 P 0
L 36.16155328 15.64610282 37.16155128 15.64610282 0 P 0
L 36.25486272 18.24267116 37.25486072 18.24267116 0 P 0
L 36.46459052 12.78642096 36.46459052 13.78641896 0 P 0
L 36.66155228 15.14610382 36.66155228 16.14610182 0 P 0
L 36.75486172 17.74267216 36.75486172 18.74267016 0 P 0
L 38.53623992 13.24440582 39.53623792 13.24440582 0 P 0
L 38.80230492 10.26342118 39.80230292 10.26342118 0 P 0
L 39.03623892 12.74440682 39.03623892 13.74440482 0 P 0
L 39.30230392 9.76342218 39.30230392 10.76342018 0 P 0
L 39.53932656 15.63756842 40.53932456 15.63756842 0 P 0
L 40.03932556 15.13756942 40.03932556 16.13756742 0 P 0
L 40.1827238 18.26404272 41.1827218 18.26404272 0 P 0
L 40.6827228 17.76404372 40.6827228 18.76404172 0 P 0
L 45.28790028 17.55697784 46.28789828 17.55697784 0 P 0
L 45.29286852 18.85896152 46.29286652 18.85896152 0 P 0
L 45.78789928 17.05697884 45.78789928 18.05697684 0 P 0
L 45.79286752 18.35896252 45.79286752 19.35896052 0 P 0
